Colony: Sierra Leone
Year: 1896
Section: FINANCES.
Type: statistics
---
FINANCES.

| Year | Revenue | Expenditure | British Tonnage | Total Tonnage |
|------|---------|-------------|-----------------|---------------|
| 1885 | 64,751 | 67,917      | 379,465         | 434,163       |
| 1886 | 58,407 | 58,982      | 380,258         | 436,070       |
| 1887 | 60,637 | 58,394      | 327,034         | 360,637       |
| 1888 | 63,035 | 63,288      | 450,880         | 517,681       |
| 1889 | 70,836 | 66,771      | 496,899         | 589,171       |
| 1890 | 73,708 | 78,056      | 543,910         | 679,509       |
| 1891 | 89,869 | 77,965      | 634,551         | 842,523       |
| 1892 | 86,866 | 83,852      | 589,671         | 800,695       |
| 1893 | 92,769 | 84,691      | 574,581         | 746,512       |
| 1894 | 98,838 | 98,100      | 828,718         | 962,046       |

Public Debt.

| Harbour Works Debentures | 1871 | £25,000 |
| Redeemable in 1896-8 | 1873 | 25,000 |

Accumulated Sinking Fund, 38,481l.