Colony: Sierra Leone
Year: 1888
Section: | Year | To U.K. | To Colonies | Elsewhere | Total |
Type: statistics
---
| Year | To U.K. | To Colonies | Elsewhere | Total |
|------|---------|-------------|-----------|-------|
| 1877 | 18,580  | 1,700       | 104,772   | 125,052 |
| 1878 | 15,082  | 2,090       | 187,129   | 204,301 |
| 1879 | 16,522  | 857         | 189,985   | 207,364 |
| 1880 | 7,565   | 84          | 131,384   | 138,983 |
| 1881 | 12,425  | 1,770       | 126,228   | 140,423 |
| 1882 | 35,522  | —           | 219,189   | 254,711 |
| 1883 | 46,283  | 1,399       | 160,488   | 208,120 |
| 1884 | 18,753  | 3,195       | 177,584   | 199,482 |
| 1885 | 9,556   | 4,668       | 105,166   | 119,885 |
| 1886 | 18,673  | 3,401       | 57,442    | 79,516  |
