Colony: Sierra Leone
Year: 1911
Section: **FINANCES.**
Type: statistics
---
**FINANCES.**

| Year | Revenue | Expenditure | British Tonnage | Total Tonnage |
|------|---------|-------------|-----------------|---------------|
| 1900 | 168,668 | 156,421     | 994,328         | 1,290,933     |
| 1901 | 192,138 | 173,457     | 1,028,941       | 1,249,808     |
| 1902 | 206,765 | 184,940     | 1,153,867       | 1,467,388     |
| 1903 | 237,730 | 206,464     | 1,354,590       | 1,688,357     |
| 1904 | 240,472 | 237,892     | 1,280,091       | 1,595,914     |
| 1905 | 281,523 | 295,490     | 1,267,178       | 1,616,272     |
| 1906 | 305,074 | 285,661     | 1,302,760       | 1,684,736     |
| 1907 | 359,104 | 346,567     | 1,456,906       | 1,809,531     |
| 1908 | 321,000 | 341,871     | 1,588,145       | 2,046,152     |
| 1909 | 361,326 | 336,746     | 1,626,528       | 2,191,132     |

**IMPORTS.**