Colony: Gold Coast
Year: 1923
Section: TOGOLAND.
Type: narrative
---
£ £

1912 1,230,850 1,157,091 1,625,804 2,849,248
1913 1,301,666 1,353,291 1,782,845 2,986,563
1914 1,331,713 1,758,850 1,863,297 2,812,026
1915 1,456,130 1,627,015 1,384,217 1,628,698
1916 1,835,989 1,465,946 1,286,302 1,565,258
1917 1,624,124 1,424,279 1,216,940 1,447,345
1918 1,298,674 1,369,496 957,509 1,081,677
1919 2,601,360 1,781,170 1,404,715 1,670,805
1920 3,721,772 2,856,347 1,767,492 2,358,254
1921 (1st) 792,488 1,021,647 1,675,108 2,509,161
1921-22 3,016,520 3,285,290

*IMPORTS.

Year. From U.K. From Colonies. From Elsewhere. Total.

£ £ £

1912 2,622,932 290,686 1,109,704 4,023,322
1913 3,466,351 285,097 1,201,046 4,952,494
1914 3,105,732 307,233 1,044,003 4,556,968
1915 3,069,109 636,476 803,952 4,509,538
1916 4,500,181 237,719 1,814,849 5,999,749
1917 2,308,797 128,528 949,155 3,368,480
1918 2,125,002 55,022 739,891 2,919,915