Colony: Gambia
Year: 1932
Section: Imports
Type: statistics
---
### Imports

| Year | To U.K. | To Colonies | Elsewhere | Total |
|------|---------|-------------|-----------|-------|
| 1921 | 607,977 | 11,081      | 174,377   | 793,435|
| 1922 | 615,818 | 6,291       | 414,899   | 1,037,008|
| 1923 | 440,368 | 6,750       | 452,391   | 899,509 |
| 1924 | 484,347 | 106,180     | 411,803   | 1,032,230|
| 1925 | 329,738 | 5,265       | 391,812   | 727,815 |
| 1926 | 337,447 | 22,005      | 544,714   | 904,166 |
| 1927 | 81,939  | 4,637       | 913,311   | 999,887 |
| 1928 | 392,687 | 26,641      | 759,081   | 1,178,409|
| 1929 | 127,646 | 30,616      | 686,498   | 844,760 |
| 1930 | 175,171 | 17,634      | 713,838   | 906,643 |

(Inclusive of Specie, £7,896.)

Customs revenue in 1928—£177,367.
" " " 1929—£124,396.
" " " 1930—£139,927.
