Colony: Gambia
Year: 1930
Section: Exports.
Type: statistics
---
**Exports.**

| Year | To U.K. | To Colonies | To Elsewhere | Total |
|------|---------|-------------|--------------|-------|
| 1919 | £1,124,675 | £238,812 | £100,037 | £1,563,524 |
| 1920 | 1,961,178 | 22,687    | 482,380    | 2,466,145 |
| 1921 | 607,977   | 11,081    | 174,377    | 793,436  |
| 1922 | 615,818   | 6,291     | 414,899    | 1,037,008 |
| 1923 | 440,368   | 6,750     | 452,391    | 959,509  |
| 1924 | 484,847   | 106,180   | 411,803    | 1,002,230 |
| 1925 | 329,738   | 6,265     | 391,812    | 727,815  |
| 1926 | 337,447   | 22,005    | 544,714    | 904,166  |
| 1927 | 81,939    | 4,637     | 913,311    | 999,887  |
| 1928 | 392,687   | 26,641    | 758,081    | 1,178,409 |

Customs revenue in 1926—£141,003.
" " 1927—£172,887.
" " 1928—£177,367.