Colony: Gambia
Year: 1933
Section: ### EXPORTS.
Type: statistics
---
### EXPORTS.

| Year | To U.K. | Colonies | Elsewhere | Total |
|------|---------|----------|-----------|-------|
| 1922 | £615,818| £6,291   | £414,899  | £1,037,008 |
| 1923 | 440,368 | 6,750    | 452,391   | 899,509 |
| 1924 | 484,347 | 106,180  | 411,803   | 1,032,230 |
| 1925 | 329,738 | 6,265    | 391,812   | 727,815 |
| 1926 | 337,447 | 22,005   | 544,714   | 904,166 |
| 1927 | 81,939  | 4,637    | 913,311   | 999,887 |
| 1928 | 392,687 | 26,641   | 759,081   | 1,178,409 |
| 1929 | 127,646 | 30,616   | 636,498   | 844,760 |
| 1930 | 175,171 | 17,634   | 713,838   | 906,643 |
| 1931 | 20,185  | 4,350    | 505,337   | 529,872 |

(Specie £23,761 included.)

Customs revenue in 1929—£124,396l.; 1930—£139,927l.; 1931—£172,887l.
