Colony: Gambia
Year: 1909
Section: | Year | Revenue | Expenditure | British Tonnage | Total Tonnage |
Type: statistics
---

| Year | Revenue | Expenditure | British Tonnage | Total Tonnage |
|------|---------|-------------|-----------------|---------------|
| 1898 | £46,718 | £29,035     | 225,385         | 328,145       |
| 1899 | 46,840   | 30,405      | 210,690         | 284,635       |
| 1900 | 49,161   | 29,818      | 198,099         | 261,269       |
| 1901 | 43,726   | 48,518      | 220,098         | 285,071       |
| 1902 | 51,016   | 51,536      | 188,946         | 286,878       |
| 1903 | 55,564   | 67,504      | 249,376         | 337,717       |
| 1904 | 54,180   | 52,301      | 232,001         | 367,560       |
| 1905 | 51,868   | 72,297      | 204,969         | 325,236       |
| 1906 | 65,430   | 56,900      | 255,165         | 404,615       |
| 1907 | 65,892   | 57,727      | 304,503         | 453,784       |
