Colony: Gambia
Year: 1918
Section: ### Exports
Type: statistics
---
### Exports

| Year | To U.K. | To Colonies | Elsewhere | Total |
|------|---------|-------------|-----------|-------|
| 1907 | £26,573 | £35,675     | £346,228  | £408,476 |
| 1908 | 51,197  | 15,589      | 307,352   | 374,138 |
| 1909 | 38,897  | 28,469      | 410,598   | 477,964 |
| 1910 | 38,610  | 50,959      | 445,879   | 535,447 |
| 1911 | 63,612  | 42,718      | 575,706   | 682,036 |
| 1912 | 50,641  | 34,234      | 650,297   | 735,172 |
| 1913 | 62,392  | 55,039      | 749,756   | 867,187 |
| 1914 | 88,432  | 32,543      | 806,152   | 926,127 |
| 1915 | 171,352 | 61,414      | 363,031   | 595,797 |
| 1916 | 354,268 | 66,386      | 284,893   | 705,547 |

Customs revenue in 1915—£53,593.
" " " 1916—£75,417.
