Colony: Gambia
Year: 1927
Section: | Year | Revenue | Expenditure | British Tonnage | Total Tonnage |
Type: statistics
---

| Year | Revenue | Expenditure | British Tonnage | Total Tonnage |
|------|---------|-------------|-----------------|---------------|
| 1916 | £103,075 | £83,218     | 242,706         | 371,676       |
| 1917 | 117,977  | 94,519      | 290,288         | 398,524       |
| 1918 | 133,324  | 88,703      | 262,274         | 282,066       |
| 1919 | 180,685  | 143,451     | 384,837         | 441,860       |
| 1920 | 263,789  | 171,160     | 592,959         | 802,028       |
| 1921 | 183,201  | 226,461     | 440,522         | 688,740       |
| 1922 | 243,603  | 430,312     | 556,283         | 835,663       |
| 1923 | 229,688  | 211,316     | 593,772         | 1,052,982     |
| 1924 | 208,613  | 203,635     | 643,796         | 1,100,729     |
| 1925 | 189,086  | 271,836     | 712,052         | 1,097,642     |