Colony: Gambia
Year: 1917
Section: Year
Type: statistics
---
| Year | Revenue | Expenditure | British Tonnage | Total Tonnage |
|------|---------|-------------|-----------------|--------------|
| 1906 | £65,430 | £56,900     | 255,165         | 404,515      |
| 1907 | 65,892  | 57,727      | 304,503         | 453,784      |
| 1908 | 57,898  | 61,097      | 301,287         | 418,441      |
| 1909 | 72,676  | 56,237      | 338,604         | 495,963      |
| 1910 | 82,880  | 63,301      | 323,880         | 506,914      |
| 1911 | 86,454  | 71,390      | 287,680         | 480,911      |
| 1912 | 96,222  | 81,340      | 361,883         | 583,458      |
| 1913 | 124,995 | 93,210      | 371,419         | 626,132      |
| 1914 | 86,071  | 120,921     | 366,396         | 571,940      |
| 1915 | 92,253  | 89,028      | 317,399         | 530,624      |

Customs revenue in 1913—97,691l.
" " " 1914—60,525l.
" " " 1915—65,593l.